-1.037098318338394165e-01
2.688619308173656464e-02
-1.280453950166702271e-01
3.368903324007987976e-02
-7.986285537481307983e-02
-7.282801717519760132e-02
-6.455296277999877930e-02
-1.343746483325958252e-01
-7.856047153472900391e-02
3.313604369759559631e-02
-3.497477993369102478e-02
8.161363005638122559e-02
1.123159602284431458e-01
-7.623622566461563110e-02
-1.152380034327507019e-01
-1.378907561302185059e-01
-1.195372641086578369e-01
-1.375495549291372299e-02
1.383728533983230591e-01
-3.254437446594238281e-02
-4.123773425817489624e-02
-8.664722740650177002e-02
-4.991506040096282959e-02
-2.669081836938858032e-02
2.301630377769470215e-02
-7.075375178828835487e-04
1.074553281068801880e-01
-1.848910748958587646e-02
-1.226297840476036072e-01
1.604427210986614227e-02
-8.397881686687469482e-02
9.458496421575546265e-02
-5.686405673623085022e-02
-5.202928185462951660e-02
-3.628725931048393250e-02
8.346073329448699951e-02
1.022984310984611511e-01
-9.041073918342590332e-02
-4.181205481290817261e-02
-1.481220871210098267e-01
7.784704118967056274e-02
1.341205537319183350e-01
-1.298754364252090454e-01
1.066714078187942505e-01
1.511521935462951660e-01
-2.375788055360317230e-03
2.524669398553669453e-04
-1.141902953386306763e-01
1.021955981850624084e-01
-1.355753242969512939e-01
-8.333885669708251953e-02
8.128710836172103882e-02
-7.007368654012680054e-02
1.320774555206298828e-01
-8.840813487768173218e-02
1.515694707632064819e-01
6.863530725240707397e-02
5.192960798740386963e-02
1.945874840021133423e-02
-8.660343289375305176e-02
1.947009470313787460e-03
-1.916413893923163414e-03
-1.195378825068473816e-01
-1.414566338062286377e-01
1.332828849554061890e-01
1.588498800992965698e-01
-1.179015785455703735e-01
2.468924038112163544e-02
-2.670473419129848480e-02
-6.475232541561126709e-02
-1.135491281747817993e-01
8.413328975439071655e-02
-1.318434029817581177e-01
-6.577825546264648438e-02
4.022480454295873642e-03
-4.695503041148185730e-02
-5.705657601356506348e-02
-6.505586206912994385e-03
-3.760164976119995117e-02
-4.042310640215873718e-02
-7.790633011609315872e-03
-2.327097021043300629e-02
-3.281659260392189026e-02
-4.278753697872161865e-02
-8.867145329713821411e-02
3.122103959321975708e-02
-2.121231704950332642e-02
9.586703032255172729e-02
1.407612264156341553e-01
-8.404978364706039429e-02
1.751455478370189667e-02
-1.141336932778358459e-01
-7.947716861963272095e-02
-2.507228963077068329e-02
1.322415620088577271e-01
2.003254368901252747e-03
-9.765976667404174805e-02
8.926479145884513855e-03
-5.980587378144264221e-02
1.179500818252563477e-01
9.098423272371292114e-02
-9.099409729242324829e-02
9.182204306125640869e-02
-1.944051869213581085e-02
-9.303668886423110962e-02
-1.348661631345748901e-01
1.187722235918045044e-01
2.785082347691059113e-02
-1.124879270792007446e-01
1.026531681418418884e-02
-1.452512294054031372e-01
1.373949497938156128e-01
-1.426316797733306885e-01
1.040545254945755005e-01
7.550249993801116943e-02
1.033967826515436172e-02
-7.852958887815475464e-02
-1.045858860015869141e-01
1.078145727515220642e-01
1.091209352016448975e-01
5.239018425345420837e-02
3.849630057811737061e-02
-1.395220905542373657e-01
7.628984749317169189e-02
1.192235052585601807e-01
-1.455647349357604980e-01
2.251233533024787903e-02
3.574354946613311768e-02
